1 3 1747174424.029178 1747174424.029179 1747174424.029367 A
1 4 1747174424.029062 1747174424.029409 1747174424.029801 A
1 0 1747174424.029784 1747174424.029873 1747174424.029981 N
1 3 1747174424.030055 1747174424.030056 1747174424.030338 N
1 2 1747174424.029882 1747174424.030492 1747174424.030764 N
1 1 1747174424.030343 1747174424.030818 1747174424.030973 N
2 0 1747174424.030242 1747174424.031859 1747174424.032200 N
2 1 1747174424.030305 1747174424.032232 1747174424.032331 N
2 3 1747174424.030329 1747174424.032368 1747174424.032447 N
2 4 1747174424.030406 1747174424.032499 1747174424.032624 N
3 0 1747174424.030214 1747174424.032692 1747174424.032923 N
3 2 1747174424.030331 1747174424.032959 1747174424.033150 N
3 1 1747174424.030348 1747174424.033184 1747174424.033350 N
3 4 1747174424.030367 1747174424.033402 1747174424.033462 N
4 1 1747174424.030359 1747174424.033580 1747174424.033771 N
4 3 1747174424.030404 1747174424.033892 1747174424.033979 N
4 4 1747174424.030425 1747174424.034116 1747174424.034178 N
4 0 1747174424.030468 1747174424.034207 1747174424.034427 N
1 3 1747174436.320456 1747174436.320598 1747174436.320724 R
1 4 1747174436.320495 1747174436.320773 1747174436.320904 R
1 2 1747174436.320800 1747174436.321022 1747174436.321225 N
1 0 1747174436.321102 1747174436.321270 1747174436.321323 N
1 3 1747174436.321198 1747174436.321368 1747174436.321641 N
2 3 1747174436.320911 1747174436.321733 1747174436.322194 N
2 2 1747174436.321214 1747174436.322234 1747174436.322418 N
2 4 1747174436.321394 1747174436.322461 1747174436.322592 N
2 1 1747174436.321433 1747174436.322638 1747174436.322753 N
1 4 1747174436.321922 1747174436.322795 1747174436.322956 N
1 1 1747174436.322264 1747174436.322985 1747174436.323115 N
4 0 1747174436.321779 1747174436.323166 1747174436.323477 N
4 4 1747174436.321800 1747174436.323510 1747174436.323623 N
4 1 1747174436.321923 1747174436.323655 1747174436.323717 N
4 2 1747174436.322020 1747174436.323742 1747174436.323896 N
5 3 1747174436.322017 1747174436.324153 1747174436.324329 N
5 2 1747174436.322090 1747174436.324373 1747174436.324526 N
5 0 1747174436.322137 1747174436.324559 1747174436.324769 N
5 1 1747174436.322403 1747174436.324797 1747174436.325036 N
2 0 1747174436.322078 1747174436.325112 1747174436.325203 N
3 1 1747174436.323536 1747174436.325249 1747174436.325543 N
3 2 1747174436.323611 1747174436.325572 1747174436.325761 N
3 3 1747174436.323645 1747174436.325796 1747174436.325854 N
3 4 1747174436.323775 1747174436.325885 1747174436.325979 N
4 3 1747174436.322622 1747174436.326171 1747174436.326317 N
5 4 1747174436.322433 1747174436.326450 1747174436.326676 N
3 0 1747174436.324185 1747174436.326755 1747174436.326829 N
3 3 1747174436.324309 1747174436.326876 1747174436.326974 A
3 2 1747174436.324316 1747174436.327013 1747174436.327101 A
3 1 1747174436.324342 1747174436.327152 1747174436.327313 A
3 4 1747174436.324361 1747174436.327357 1747174436.327432 A
1 4 1747174436.321002 1747174436.327556 1747174436.327665 A
2 0 1747174436.321684 1747174436.327741 1747174436.327914 A
2 3 1747174436.322012 1747174436.327971 1747174436.329177 A
2 4 1747174436.322321 1747174436.329217 1747174436.329422 A
2 2 1747174436.322327 1747174436.329585 1747174436.329690 A
4 3 1747174436.322464 1747174436.329770 1747174436.329954 A
4 4 1747174436.322484 1747174436.329995 1747174436.330309 A
4 1 1747174436.322503 1747174436.330553 1747174436.330995 A
4 0 1747174436.324262 1747174436.332197 1747174436.332274 A
5 0 1747174436.322194 1747174436.332335 1747174436.332454 A
5 1 1747174436.322207 1747174436.332498 1747174436.332608 A
5 2 1747174436.322245 1747174436.332641 1747174436.332770 A
5 4 1747174436.322479 1747174436.332812 1747174436.335512 A
3 0 1747174436.325042 1747174436.335623 1747174436.335707 A
1 2 1747174436.321819 1747174436.336062 1747174436.336149 A
1 1 1747174436.321901 1747174436.336195 1747174436.336312 A
1 0 1747174436.322034 1747174436.336369 1747174436.336463 A
1 3 1747174436.322054 1747174436.336522 1747174436.336679 A
2 1 1747174436.322542 1747174436.336737 1747174436.336823 A
4 2 1747174436.325170 1747174436.336897 1747174436.336954 A
5 3 1747174436.322587 1747174436.337036 1747174436.337163 A
5 4 1747174436.322263 1747174436.337201 1747174436.337299 P
5 0 1747174436.322565 1747174436.337344 1747174436.337468 P
5 2 1747174436.324279 1747174436.337503 1747174436.337656 P
5 1 1747174436.325173 1747174436.337682 1747174436.337763 P
3 0 1747174436.323727 1747174436.337807 1747174436.337880 P
3 1 1747174436.323794 1747174436.337914 1747174436.337982 P
3 2 1747174436.324013 1747174436.338019 1747174436.338143 P
3 3 1747174436.324147 1747174436.338183 1747174436.338253 P
1 2 1747174436.321576 1747174436.338313 1747174436.338418 P
2 3 1747174436.321134 1747174436.338514 1747174436.338606 P
2 2 1747174436.321252 1747174436.338716 1747174436.338788 P
2 1 1747174436.321561 1747174436.338829 1747174436.338929 P
2 4 1747174436.322344 1747174436.338966 1747174436.339138 P
4 3 1747174436.322311 1747174436.339213 1747174436.339321 P
4 4 1747174436.322323 1747174436.339365 1747174436.339424 P
4 1 1747174436.322426 1747174436.339460 1747174436.339567 P
4 2 1747174436.322585 1747174436.339633 1747174436.339763 P
5 3 1747174436.325178 1747174436.340016 1747174436.340154 P
3 4 1747174436.324207 1747174436.340208 1747174436.340332 P
1 1 1747174436.321647 1747174436.340395 1747174436.340522 P
1 3 1747174436.321708 1747174436.340560 1747174436.340694 P
1 0 1747174436.322175 1747174436.340739 1747174436.340859 P
1 4 1747174436.322207 1747174436.340897 1747174436.340998 P
2 0 1747174436.324228 1747174436.341052 1747174436.341213 P
4 0 1747174436.322648 1747174436.341277 1747174436.341359 P
4 0 1747174436.322033 1747174436.341402 1747174436.341513 R
4 3 1747174436.322082 1747174436.341544 1747174436.341715 R
4 4 1747174436.322280 1747174436.341741 1747174436.341867 R
4 2 1747174436.322531 1747174436.341900 1747174436.341954 R
5 3 1747174436.321957 1747174436.342011 1747174436.342127 R
5 4 1747174436.321988 1747174436.342168 1747174436.342277 R
5 2 1747174436.322048 1747174436.342308 1747174436.342545 R
5 1 1747174436.322115 1747174436.342575 1747174436.342652 R
3 1 1747174436.323537 1747174436.342714 1747174436.342882 R
3 2 1747174436.323540 1747174436.342915 1747174436.343028 R
3 3 1747174436.323607 1747174436.343069 1747174436.343158 R
3 4 1747174436.323676 1747174436.343197 1747174436.343338 R
1 1 1747174436.321569 1747174436.343415 1747174436.343486 R
2 2 1747174436.320775 1747174436.343577 1747174436.343795 R
2 4 1747174436.321710 1747174436.348820 1747174436.349120 R
2 0 1747174436.321965 1747174436.349285 1747174436.350855 R
2 1 1747174436.322108 1747174436.350901 1747174436.351192 R
4 1 1747174436.322549 1747174436.351290 1747174436.351777 R
5 0 1747174436.322337 1747174436.351938 1747174436.352856 R
3 0 1747174436.324783 1747174436.353021 1747174436.353265 R
1 2 1747174436.321725 1747174436.353320 1747174436.353417 R
1 0 1747174436.321814 1747174436.353453 1747174436.353788 R
2 3 1747174436.324271 1747174436.353909 1747174436.354000 R
