3 4 1746828559.453813 E
3 4 1746828591.665600 E
3 4 1746828594.957461 E
3 0 1746828565.455927 E
3 0 1746828591.665608 E
3 0 1746828594.957704 E
3 1 1746828564.453812 E
3 1 1746828591.665601 E
3 1 1746828594.957480 E
3 2 1746828559.453807 E
3 2 1746828591.665596 E
3 2 1746828594.960246 E
3 3 1746828561.454534 E
3 3 1746828591.665603 E
3 3 1746828594.960363 E
3 1 1746828560.454328 L
3 1 1746828594.960463 L
3 1 1746828598.027775 L
3 3 1746828559.452333 L
3 3 1746828594.960425 L
3 3 1746828598.028984 L
3 2 1746828562.478653 L
3 2 1746828595.181828 L
3 2 1746828598.202378 L
3 4 1746828563.452151 L
3 4 1746828595.181858 L
3 4 1746828598.202380 L
3 0 1746828565.455935 L
3 0 1746828595.181883 L
3 0 1746828598.202392 L
